6
2 12
T 12 3 7 4 * 1
R 15 6 10 3 # 2
S 18 11 3 3 + 3
R 20 13 14 4 o 4
T 25 8 9 5 * 2
S 28 4 2 2 + 5
R 30 11 12 3 # 3
T 32 6 8 4 o 2
S 35 10 3 3 * 1
R 38 14 9 2 # 4
T 41 5 11 6 + 3
S 44 12 2 2 o 1
8 10
R 10 3 25 2 # 1
T 15 8 7 3 * 2
S 20 12 4 4 + 3
R 25 6 18 3 o 4
T 30 10 9 4 * 5
S 33 4 3 3 + 6
R 37 13 20 2 # 3
T 40 7 11 5 o 2
S 42 12 2 2 * 1
R 45 15 14 3 + 7
1 14
S 5 3 3 3 * 1
R 8 6 12 4 # 2
T 12 10 7 4 o 3
S 15 13 4 4 + 4
R 18 4 15 5 * 5
T 22 9 9 5 o 2
S 24 14 3 3 * 3
R 27 7 11 3 # 6
T 30 12 6 4 + 2
S 33 5 2 2 o 4
R 36 9 10 5 * 7
T 38 14 8 4 # 5
S 40 6 4 4 + 6
R 42 11 12 3 o 7
9 11
R 20 5 12 4 # 1
T 23 9 9 5 + 2
S 26 13 3 3 o 3
R 29 7 18 3 # 4
T 33 12 7 4 * 1
S 36 15 2 2 + 3
R 38 9 15 4 o 2
T 41 13 11 4 * 4
S 43 6 3 3 # 3
R 45 10 20 3 o 5
T 48 14 9 4 + 6
6 13
T 8 4 11 6 * 1
R 12 10 18 3 o 2
S 15 14 3 3 + 3
T 20 7 9 4 # 4
R 22 12 14 5 o 5
S 25 5 2 2 * 1
T 28 9 8 4 + 6
R 31 14 10 3 # 3
S 34 6 4 4 o 2
T 37 12 7 4 * 5
R 40 8 13 4 + 4
S 42 15 3 3 # 6
T 45 11 10 5 o 3
10 15
R 10 3 20 4 # 1
T 13 9 9 5 * 2
S 16 15 3 3 o 3
R 20 6 18 3 + 4
T 23 11 11 6 # 5
S 26 14 2 2 * 6
R 29 8 15 4 o 2
T 32 12 7 4 * 4
S 35 5 4 4 + 3
R 38 10 20 3 # 6
T 41 15 10 5 o 1
S 43 7 3 3 * 5
R 46 12 12 3 # 4
T 49 5 8 4 + 3
S 52 14 3 3 o 2
